Sample size: 10
ory_Orya,pan_Guru,ben_Beng,mal_Mlym,tam_Taml
grandmother,grandfather,uncle,aunt,brother-in-law,sister-in-law,cousin,child,nephew,niece
-0.9638671875,0.8173828125,-0.71875,0,0.6533203125
-0.2451171875,-0.6181640625,0.5224609375,0,0
-0.86328125,-0.9541015625,-0.01318359375,-0.45263671875,1.0
-0.1630859375,-0.775390625,0.216552734375,-0.0546875,-0.2021484375
0.9326171875,0.8349609375,0.462646484375,0,0.99609375
-0.912109375,-0.478515625,-0.31640625,-0.4970703125,-0.3583984375
-0.951171875,-0.029541015625,-0.904296875,0,-0.3896484375
-0.4306640625,-1.0,-0.338623046875,0.7578125,-0.583984375
-0.1357421875,-0.8779296875,0.288330078125,0.828125,-0.4482421875


Sample size: 10
tel_Telu,ory_Orya,pan_Guru,ben_Beng,mal_Mlym,mar_Deva,tam_Taml,guj_Gujr,hin_Deva,kan_Knda
grandmother,grandfather,uncle,aunt,brother-in-law,sister-in-law,cousin,child,nephew,niece
0.8818359375,-0.9638671875,0.8173828125,-0.71875,0,0,0.6533203125,-0.9794921875,0.818359375,0
0,-0.2451171875,-0.6181640625,0.5224609375,0,0,0,-0.9990234375,0.9833984375,0
0.529296875,-0.86328125,-0.9541015625,-0.01318359375,-0.45263671875,0.89306640625,1.0,-0.986328125,-0.837890625,-0.85009765625
0,-0.1630859375,-0.775390625,0.216552734375,-0.0546875,-0.9736328125,-0.2021484375,-0.974609375,-0.9990234375,0
0,0.9326171875,0.8349609375,0.462646484375,0,0.99755859375,0.99609375,0.9921875,0.6728515625,0.33984375
0,-0.912109375,-0.478515625,-0.31640625,-0.4970703125,0.23486328125,-0.3583984375,-0.98046875,0.7138671875,-0.998046875
-0.51318359375,-0.951171875,-0.029541015625,-0.904296875,0,-0.3466796875,-0.3896484375,0.162109375,-0.8701171875,0.01806640625
0.7236328125,-0.4306640625,-1.0,-0.338623046875,0.7578125,0.900390625,-0.583984375,0.763671875,-1.0,0.254150390625
-0.603515625,-0.1357421875,-0.8779296875,0.288330078125,0.828125,0.9189453125,-0.4482421875,0.85888671875,-0.5966796875,-0.73046875


Sample size: 10
tel_Telu,ory_Orya,pan_Guru,ben_Beng,mal_Mlym,mar_Deva,tam_Taml,guj_Gujr,hin_Deva,kan_Knda
grandmother,grandfather,uncle,aunt,brother-in-law,sister-in-law,cousin,child,nephew,niece
0.8818359375,-0.9638671875,0.8173828125,-0.71875,1,1,0.6533203125,-0.9794921875,0.818359375,1
1,-0.2451171875,-0.6181640625,0.5224609375,1,1,1,-0.9990234375,0.9833984375,1
0.529296875,-0.86328125,-0.9541015625,-0.01318359375,-0.45263671875,0.89306640625,1.0,-0.986328125,-0.837890625,-0.85009765625
1,-0.1630859375,-0.775390625,0.216552734375,-0.0546875,-0.9736328125,-0.2021484375,-0.974609375,-0.9990234375,1
1,0.9326171875,0.8349609375,0.462646484375,1,0.99755859375,0.99609375,0.9921875,0.6728515625,0.33984375
1,-0.912109375,-0.478515625,-0.31640625,-0.4970703125,0.23486328125,-0.3583984375,-0.98046875,0.7138671875,-0.998046875
-0.51318359375,-0.951171875,-0.029541015625,-0.904296875,1,-0.3466796875,-0.3896484375,0.162109375,-0.8701171875,0.01806640625
0.7236328125,-0.4306640625,-1.0,-0.338623046875,0.7578125,0.900390625,-0.583984375,0.763671875,-1.0,0.254150390625
-0.603515625,-0.1357421875,-0.8779296875,0.288330078125,0.828125,0.9189453125,-0.4482421875,0.85888671875,-0.5966796875,-0.73046875


Sample size: 10
tel_Telu,ory_Orya,pan_Guru,ben_Beng,mal_Mlym,mar_Deva,tam_Taml,guj_Gujr,hin_Deva,kan_Knda
grandmother,grandfather,uncle,aunt,brother-in-law,sister-in-law,cousin,child,nephew,niece
0.8818359375,-0.9638671875,0.8173828125,-0.71875,0,0,0.6533203125,-0.9794921875,0.818359375,0
0,-0.2451171875,-0.6181640625,0.5224609375,0,0,0,-0.9990234375,0.9833984375,0
0.529296875,-0.86328125,-0.9541015625,-0.01318359375,-0.45263671875,0.89306640625,1.0,-0.986328125,-0.837890625,-0.85009765625
0,-0.1630859375,-0.775390625,0.216552734375,-0.0546875,-0.9736328125,-0.2021484375,-0.974609375,-0.9990234375,0
0,0.9326171875,0.8349609375,0.462646484375,0,0.99755859375,0.99609375,0.9921875,0.6728515625,0.33984375
0,-0.912109375,-0.478515625,-0.31640625,-0.4970703125,0.23486328125,-0.3583984375,-0.98046875,0.7138671875,-0.998046875
-0.51318359375,-0.951171875,-0.029541015625,-0.904296875,0,-0.3466796875,-0.3896484375,0.162109375,-0.8701171875,0.01806640625
0.7236328125,-0.4306640625,-1.0,-0.338623046875,0.7578125,0.900390625,-0.583984375,0.763671875,-1.0,0.254150390625
-0.603515625,-0.1357421875,-0.8779296875,0.288330078125,0.828125,0.9189453125,-0.4482421875,0.85888671875,-0.5966796875,-0.73046875


